500
4427.32 1330.61 5440.53 8567.77 26432
7672.66 3261.51 2547.07 4849.7 24638
5963.01 8559.53 3340.56 5829.95 30232
4980.93 9187.29 4256.11 2153.39 18510
5094.45 4599.75 5467.7 2049.62 25329
3158.67 1399.58 1611.07 5424.97 25823
4660.48 6818.45 5426.19 4235.05 30407
1467.64 5096.9 2023.68 2540.36 25808
3094.88 7083.04 8377.33 2801.6 17570
5941.04 8040.41 6259.04 9179.97 30480
5995.97 5908.99 3786.13 7495.35 28753
1601 6036.87 5433.21 7878.35 24264
1739.25 5818.66 3682.97 5793.94 30525
5646.84 8780.18 5361.8 225.532 29969
8339.79 8461.26 3775.75 5398.11 29552
3696.71 4789.27 7324.75 2956.33 30517
6796.78 6864.83 623.493 3529.16 29680
6096.99 5975.52 4890.59 3032.93 23974
1511.28 4947.36 4995.27 3662.83 21599
2781.76 6116.82 1856.75 6029.54 27685
477.309 6728.11 4791.1 328.684 29569
5320.9 6567.28 4491.1 6604.21 16343
3316.14 1455.73 697.348 7883.54 29204
451.674 6492.2 6420.18 2738.12 31885
4523.15 5181.74 7542.95 8087.71 21792
3234.35 6015.81 4858.85 4517.04 28618
1977.6 7055.88 6353.04 6913.36 28642
5643.79 3923.15 3656.42 1791.13 23702
4788.66 8288.52 3794.37 5778.98 31985
6596.27 3899.04 4654.99 2728.97 24502
1665.4 5807.37 6281.01 4711.45 30199
5403.91 9276.71 1145.66 6320.99 31820
6630.15 3990.6 4358.96 2011.17 30994
4638.51 231.635 4284.8 2943.21 31352
8857.69 7186.8 5449.08 5770.13 32465
12.5126 7349.77 4399.85 4615.01 30227
1938.54 2292.25 4296.7 96.1333 30235
3683.58 4456.92 3509.32 6624.96 27164
6123.54 5860.16 5834.83 1926.63 32425
3530.69 5825.07 2627.03 6747.34 29706
4107.49 1659.9 7055.88 3774.83 28513
3148.29 5725.27 5501.57 8901.03 32021
5097.51 9601.12 5853.76 3465.38 31267
5992.92 4624.47 4488.97 5933.1 27988
4734.64 4585.1 3288.67 6763.82 31232
4154.79 3958.86 6703.39 3597.83 25370
3637.81 4819.79 5439.62 5687.43 32140
5503.1 8739.89 5616.93 2892.85 30572
5388.96 6437.57 2545.85 5770.13 27907
5680.1 5667.9 4462.11 6450.39 21104
6102.18 9183.63 4390.39 5782.65 14643
7281.41 7668.39 5338.91 6315.5 16288
7392.19 3335.37 5514.08 8731.35 17956
4015.93 6380.5 2257.45 6979.58 22812
5242.77 8498.79 2344.43 5880.92 23956
8386.49 3283.79 6495.25 4452.65 29149
6002.99 9752.19 4883.88 3665.58 32252
940.886 4703.82 5231.79 3505.97 26826
5110.02 5309.61 2391.74 5148.17 28613
5110.93 5674.92 2791.83 6650.59 31258
8420.06 3110.14 4281.44 3161.41 32699
6424.15 4657.43 4466.38 8598.59 30386
4935.15 1564.07 3524.28 5807.98 27347
2640.46 6943.88 4748.99 1486.86 29210
3391.83 2959.38 2481.46 4178.29 27820
6507.77 5914.18 4817.04 9256.87 32605
6502.27 5426.8 5828.42 3462.63 26033
3304.54 4767.91 2690.82 5825.98 30080
5904.42 4204.23 4897.92 5992.31 27246
6782.43 5737.78 2237.62 4821.62 30375
1744.74 4871.67 3133.95 6155.89 21138
7184.06 3034.15 4144.72 4806.05 19389
7782.83 9035.31 5083.77 8159.73 27355
5193.03 1372.72 5556.2 713.218 31130
4416.94 5606.25 3470.87 6139.1 8728
4557.94 4312.27 4217.96 5543.69 25520
6098.21 1922.06 5398.72 7861.87 31404
4895.17 6504.1 3558.15 3194.98 24791
6987.82 2311.47 4475.23 6641.13 32728
6873.99 3142.49 6661.58 2602.92 32334
4052.55 4825.89 3724.48 4755.09 30602
5657.22 5771.05 6406.14 1780.76 26833
6270.94 3659.47 5251.01 2618.79 29001
4228.03 1089.82 3391.83 3891.42 22839
4372.69 3731.8 4200.57 6369.21 21293
5591.91 1590.93 6751.3 3296.91 26492
8900.42 2866.91 3188.57 1587.27 17069
3616.75 7375.41 5642.87 426.954 25102
6121.1 1960.2 6781.21 3773.92 26269
2175.66 5129.55 3176.67 7171.54 30112
1763.05 4464.55 6216.93 3904.54 31011
5259.56 2810.75 1151.46 4742.88 27322
1624.5 7852.11 3943.91 6632.89 15757
7759.33 3162.02 7333.6 7131.26 17844
6452.22 4834.13 4931.49 8886.68 30653
3477.28 2014.53 2172.31 5166.48 27697
5148.47 5939.21 7301.86 2921.84 30144
6641.13 6228.83 2173.22 5952.94 24784
3455.61 5409.71 1988.28 5743.89 21486
2462.54 4358.35 5255.59 6536.45 15077
3761.71 2258.37 6574.91 6289.56 25879
5454.88 3516.95 2781.76 5724.36 21032
6108.89 7472.76 2738.12 6658.53 24192
7008.58 8088.02 3474.23 4130.99 28317
4911.95 3530.08 1163.98 4587.24 32663
5872.98 9276.71 5513.17 9349.96 31236
7116 7468.18 3071.99 1586.35 29950
2161.02 4798.43 3781.24 1063.88 22194
6711.63 1579.64 6694.54 3885.92 15149
3557.24 6548.66 4211.25 2246.47 23831
7947.94 2232.12 8919.34 2869.35 19950
7421.19 5382.85 3897.21 7223.73 24337
1578.72 4617.45 4521.01 5013.28 20139
4745.93 3815.12 7717.22 2403.03 16393
4623.55 9277.93 2941.07 6196.48 23990
6240.73 6545.61 2735.37 3159.89 29432
5819.27 6006.96 4329.36 4730.06 20789
6533.71 1496.32 6724.14 668.355 16471
4697.41 7222.21 4850 7526.47 14143
6884.67 9122.9 4688.86 8604.69 25056
1892.76 5227.21 5361.19 2511.67 31163
4842.07 9840.39 6935.33 9163.49 24901
4953.46 5837.58 6545.61 2733.24 29671
6578.88 5683.77 5211.04 5005.04 28813
3274.64 4594.26 4412.06 5829.34 24119
4845.12 5219.89 3779.41 2229.68 32626
6568.5 7224.34 5559.25 5560.47 25562
3887.75 1239.66 6746.12 8843.65 25528
5856.2 6753.44 2125.92 3410.75 24769
5938.9 7356.18 4536.58 8207.65 26336
3079.32 3894.16 6770.23 3777.58 19860
7389.75 2054.81 6100.34 8096.56 32575
1082.19 5775.02 1634.88 3142.8 31622
4296.7 4538.1 3959.78 3825.19 29918
7693.72 4639.73 4198.43 2217.47 30860
1705.07 5498.83 5458.24 9367.05 25751
5862.61 5906.25 3117.77 7184.97 31751
5160.37 1415.75 2198.25 5652.94 31257
6601.76 9117.1 2678.91 4483.47 29992
5180.52 5957.21 3382.98 1833.86 30511
4314.1 5559.86 2770.47 6472.67 32200
1911.07 2295.3 2874.23 3555.41 21041
7925.66 4811.55 2468.34 6891.08 30888
4928.43 786.767 5882.44 5742.67 20459
2784.2 4147.47 4691 8629.72 21959
3569.44 7464.83 4036.68 3743.1 28752
6494.03 5972.47 7603.69 7975.4 31694
5903.5 9116.49 3555.41 5461.9 21967
1756.65 6429.03 4129.15 4818.87 31324
5527.21 3902.1 4439.22 8454.24 21939
6773.89 1719.11 3544.72 1788.69 32034
2256.84 6013.98 1127.05 4540.85 30557
5525.07 6484.57 3207.19 4876.25 24377
8821.38 2531.51 4564.65 394.91 25728
8577.23 5779.6 8416.09 4626.3 26498
6631.98 1408.12 3738.82 2270.27 28171
4393.75 3776.36 1917.48 5147.25 26028
2548.6 4405.96 3652.46 2352.37 30325
4403.52 1915.95 4511.55 6769.01 27960
5789.36 8717 4931.18 6955.47 22623
4300.06 5652.33 6658.22 9364.3 20766
5336.16 3486.74 5140.23 3521.23 27484
5352.34 3126.01 5942.26 600.909 25388
4998.93 8832.06 3599.66 7171.54 25582
7268.59 5446.64 3601.79 7273.78 26960
6078.07 4714.19 6523.64 2898.04 27843
3982.06 501.724 2247.69 6702.17 27652
5413.07 8408.46 1978.51 7012.85 30917
4235.97 2396.01 3686.33 5759.45 22738
4690.69 7322 3743.1 4968.11 14843
7999.21 4726.4 6182.13 3773.31 31177
3364.97 4546.65 3868.53 4562.82 31846
3314.31 6256.6 5394.15 6037.48 29808
1430.1 4808.5 9996.64 4592.43 22740
5276.04 4795.07 4461.81 5921.51 32010
5391.71 1650.14 8503.37 1345.26 22125
4384.9 8116.4 4049.2 4023.56 27254
3525.5 6993.01 6883.75 2049.32 32389
5047.76 5609 5750.6 3515.73 31623
6852.02 2768.94 2968.54 6519.06 14458
6776.33 6862.39 6833.09 3261.21 29091
2148.5 2529.37 6449.17 3658.56 25091
7633.29 4802.7 3374.74 6863.61 17818
2120.73 3596.3 4525.89 2909.63 24634
2260.2 5147.86 6764.12 7108.98 24254
2465.59 5182.04 4635.46 4791.1 32135
5475.33 2818.99 5110.93 8054.75 20976
6322.21 4500.26 8886.99 5813.17 30231
2449.42 4956.21 8161.87 4587.54 24676
2072.21 2551.04 5330.67 199.286 11165
3306.38 1427.05 2815.94 4848.78 15721
5922.73 9142.74 5781.43 9209.88 23481
6724.45 1613.51 4008.61 1802.42 32711
6259.65 3469.34 3241.07 6144.6 21358
4683.07 5256.81 5221.11 2631.61 21023
5558.64 4559.47 8367.26 4508.5 27546
3934.45 6766.56 4650.41 7224.95 31859
9186.07 2287.97 5414.59 4474.01 32003
3951.23 5959.35 5161.9 3958.56 23264
4781.64 3625.6 1924.19 3684.8 32738
6443.07 7423.02 4436.78 8686.18 31498
3698.84 4219.18 3641.77 6442.46 25492
1410.57 7123.63 5484.79 8214.67 28342
4800.87 8998.38 2172.61 5870.24 28010
2636.49 7594.84 3836.18 2228.16 30514
1332.74 6196.78 5858.33 1979.74 31779
6083.25 3286.23 3691.52 1798.15 27566
4356.21 4554.28 4743.8 4729.76 30775
2347.18 6391.19 5473.49 2803.13 24346
6528.82 6166.57 8688.92 7024.75 28442
5135.65 4255.81 4392.22 4904.02 17583
5669.73 5701.77 4615.31 4434.34 31230
1546.68 5356.91 3208.41 2721.34 23731
4128.54 4969.63 5041.05 6979.28 32433
6745.2 6618.55 6624.04 2568.13 24044
6597.19 2051.15 5527.21 9758.6 18225
4565.57 4228.34 3787.96 6471.45 27245
7527.7 7303.08 3535.57 5754.26 28083
8416.7 3225.2 2350.23 7519.15 32070
5785.09 3998.54 5641.65 8068.48 16717
3600.57 6635.33 7213.05 6722.31 28187
5135.04 4421.83 6018.25 5801.87 29166
5251.93 4277.17 8095.65 2857.45 26923
6554.16 2357.25 6758.02 6576.13 25248
4538.1 4602.5 7069 2583.7 31516
2916.04 6542.25 6232.8 6524.55 30646
7029.94 9139.07 6601.15 2039.55 31669
1981.57 6906.64 6580.1 8800.93 31652
4044.62 6910.92 3939.63 1745.66 30543
7166.05 6446.12 5031.59 190.13 20964
6261.79 1595.2 7265.24 5471.97 31181
4660.48 5384.69 2227.24 6737.88 22409
4648.88 8894.01 6749.47 6602.37 20358
3058.57 4263.44 5227.82 3261.82 24210
1444.14 4808.19 4221.32 1193.27 27736
6294.44 5044.71 3677.18 3750.42 28701
1206.4 5518.36 6527.6 2676.17 28409
5577.56 2397.23 4921.11 3394.88 32282
6281.32 3714.1 5179.3 6518.45 30206
3813.59 5667.59 3633.23 4304.64 26649
3446.15 6704.92 4457.84 8803.06 24194
6887.42 2743.31 7755.06 3179.11 19450
2852.26 5343.18 3497.42 5254.37 23009
6581.32 2058.47 3371.68 4376.05 22922
8136.23 7287.51 4946.44 2054.51 30143
6445.81 2833.34 8658.41 4535.97 22611
5442.67 4622.03 4503.92 718.406 16819
5314.19 4760.28 9054.54 4502.09 31105
7220.07 4017.15 5208.9 7719.66 14498
7058.63 7352.52 3779.11 4893.34 27557
891.446 5796.69 4778.28 4412.98 25423
5132.3 4389.48 7842.65 5327.31 32071
5200.05 6410.11 3822.14 5134.13 18113
5164.04 7596.36 4254.59 180.975 20947
5600.45 9189.12 8358.1 8463.39 26412
4047.36 2558.98 5779.29 2620.32 30427
3141.58 1624.2 6696.37 4055.6 22429
6639.3 4091.31 3500.78 1767.63 23280
5722.53 1817.99 6729.94 8839.08 25095
7506.94 2735.68 5393.84 2906.58 24056
5672.17 4379.41 3210.24 2713.1 28361
3669.55 2320.63 6032.59 1970.27 31883
4016.24 4305.86 4830.47 9832.76 25649
3113.19 5486.62 6385.08 3338.72 24294
8831.14 2853.18 6208.08 6651.2 27796
6456.19 9037.75 3470.87 3436.38 30615
6863.92 5213.48 3903.32 6788.23 18862
5240.64 4514.6 5726.8 8068.79 29046
5412.76 4601.58 4427.32 2768.64 30491
4342.78 4512.47 4425.49 4079.1 32647
3035.07 6237.37 7256.69 2335.89 25040
2459.79 3525.19 6778.16 401.624 20300
4685.2 1725.21 4953.46 5343.18 31424
7129.73 7075.41 7550.89 1510.06 31143
8338.27 5417.34 8354.75 1407.82 27803
4766.69 1702.02 6536.15 9521.16 32366
3690.3 6579.18 4268.62 2303.84 30720
6249.28 9135.11 7688.53 8437.15 25684
5284.28 4671.77 6530.05 5417.95 22244
3658.56 2852.87 7044.28 3789.18 21849
5341.04 5826.59 3318.58 1609.85 21616
8802.45 4508.5 5446.64 4589.37 25906
6022.22 8789.94 6902.37 5952.02 18832
8409.99 4636.98 4867.09 6931.36 29537
3371.99 5277.26 1650.44 4617.45 30780
1158.18 4942.17 5342.88 205.695 27698
5445.42 8236.95 7286.29 3000.27 22532
4700.16 3365.28 1836.3 3703.73 30224
5561.39 9117.1 4777.37 3692.74 31535
8594.01 2876.67 8309.88 3507.49 30788
5359.36 3574.94 2382.27 5337.69 13482
5327.62 8699.61 5596.79 3899.35 22632
3603.02 6746.12 4520.71 7882.32 25740
2484.51 4923.25 6282.54 6448.26 24296
2624.9 6923.43 5659.96 9258.4 32545
6347.54 553.911 3088.78 3863.64 32354
4470.66 3544.72 7083.35 7833.49 18162
5413.37 3838.31 8592.79 5877.25 31044
5542.47 3889.58 8341.62 3259.07 27613
5023.04 4355.3 6779.08 3769.34 27682
3286.23 4775.54 3663.44 2358.47 29237
1146.89 6330.15 5212.56 4210.03 27724
1536 3786.74 4948.88 4745.63 30889
4660.79 3588.37 4270.46 6838.28 30381
3280.74 4735.86 4405.35 1900.39 29754
6151.92 4281.14 6066.77 6715.29 26785
3997.92 2676.47 3452.56 6718.65 23092
6799.83 1704.15 4714.19 5965.76 19702
5706.96 8448.74 7531.97 8020.87 30633
4235.97 2902.92 6342.66 3164.16 32398
5541.86 5773.19 6158.02 2073.43 23574
2636.19 6063.42 7329.94 7144.69 23222
8363.29 4406.26 5242.16 6049.07 26393
4977.87 4185.92 6928.62 3220.92 29239
4318.67 5586.11 6464.13 7400.13 19808
2305.98 4850 6837.37 3243.51 27016
3287.15 3003.02 6282.54 6618.85 25289
5778.68 5422.53 6917.02 3318.89 32659
6906.03 6711.63 5018.46 164.8 32149
2675.56 6313.36 3571.58 3155.61 25248
3640.25 4222.24 6251.11 4460.28 16663
3767.2 6492.51 4453.57 5906.25 30486
5745.72 2796.72 4398.02 2770.78 28837
6042.66 5178.69 4401.68 5409.41 18504
5159.15 1278.42 8645.89 6373.49 25176
4699.24 2646.57 5775.63 7679.37 21270
5497.6 8945.59 5731.99 6456.8 28183
5849.18 5731.07 3259.07 6004.52 20403
4545.12 4316.84 946.684 5210.12 29487
8229.93 7190.16 3426.92 5825.98 29187
5902.28 4214.3 7589.95 1544.85 17631
4846.95 3062.84 8874.17 4568.01 31404
6526.69 9319.13 3704.34 1826.53 32535
7063.2 3797.42 5543.38 9883.11 22470
5033.42 3480.94 4514.91 2474.75 32241
4666.28 888.394 1476.18 4737.08 21355
5134.13 7183.75 1194.19 4674.21 15484
5319.38 9654.53 6118.05 8648.34 30519
5264.44 9737.24 3992.43 2029.79 29611
3363.75 2970.98 2568.44 3845.94 28907
2281.56 5330.97 2274.24 6993.93 31839
5257.42 6900.54 5849.48 2089.3 16204
2410.66 6082.95 5515.92 4028.75 28104
6356.09 6772.06 3535.26 1726.74 30026
3078.71 7676.32 6337.17 587.176 30667
7157.51 8918.73 4463.33 8776.82 25218
893.582 6430.25 3520.62 3567.61 23664
3413.5 3892.64 3460.8 4586.32 26799
1563.77 5110.32 6563.01 3735.16 30161
4089.18 1678.21 2257.76 6957.61 29838
4262.83 7999.82 2488.48 4514.3 30092
6317.64 4480.73 1212.81 5530.87 31123
4278.7 3103.73 3460.8 7531.66 26126
5636.46 8082.22 3396.1 2036.5 31998
1459.4 4904.02 3205.05 7334.51 26345
2869.96 7202.67 5827.81 8593.71 28964
4182.26 6251.11 4774.01 8333.38 17446
2507.1 5980.71 1409.65 6143.68 26777
6523.03 4351.94 5625.48 3747.98 32357
4965.06 7072.97 4347.06 3855.71 32654
3945.43 1209.75 1444.14 5806.45 29763
3779.72 5857.72 3418.99 7021.39 30613
3819.09 1235.39 5446.64 2511.06 32743
6251.72 6762.9 5340.43 8545.79 30476
6233.1 6033.51 3485.82 5427.11 23381
4818.57 2720.42 5109.71 8460.34 17835
6380.81 6784.26 6685.08 2375.87 26042
4194.16 1922.36 1331.52 5863.52 24133
3551.44 6267.28 4817.65 4539.02 25770
3448.59 5374.61 6811.73 3467.82 25427
8679.77 6677.76 4853.36 4671.16 15136
5954.47 7008.88 5704.21 1655.02 32291
6742.15 6683.25 9257.48 2206.79 8986
4687.95 5373.39 2922.15 5048.68 28128
5526.29 5680.1 5162.51 8969.39 31233
6615.5 5764.64 5102.39 2821.13 30151
6009.09 8232.37 4406.26 8831.14 23850
4517.96 4284.8 4718.77 7859.43 30044
3245.34 5141.15 1812.8 5243.69 26370
1250.34 7875.91 5423.14 2790.31 28899
4849.39 2726.52 937.834 5008.39 29443
6237.68 6038.39 4412.98 6834.32 30513
5634.33 8746.6 4810.33 1429.18 29843
2062.75 2553.79 5472.27 4102.3 30710
1668.14 6147.04 5992.92 8050.17 25470
6165.96 5871.46 5416.43 4249.4 32733
5818.66 4247.26 4212.78 8303.48 32265
4907.68 4659.87 7358.93 3447.98 24445
3217.87 7271.65 4723.65 7273.48 28407
6654.87 6723.53 2930.08 5417.65 28157
2927.64 4675.13 2916.65 6465.96 32181
3344.52 3574.02 4605.55 4744.71 14569
6292.61 3317.97 3369.55 3187.35 28680
2573.02 5089.57 6376.23 3719.29 32610
8584.25 5768 4335.76 6473.59 22744
5275.12 5401.47 4063.23 3157.44 29592
4944.91 8457.59 3895.38 1073.95 32109
5094.15 9713.13 6537.37 4368.72 32509
5160.99 3523.67 6485.49 5145.42 21129
2508.62 5179.6 4454.79 327.769 32531
6311.23 6387.83 3965.58 4444.11 27737
6552.63 4128.24 4698.93 7325.97 28605
6599.93 3731.19 4589.98 2749.41 28113
5446.94 5786.92 8619.04 2117.68 32724
4430.07 3515.12 4864.04 9707.63 30801
5316.63 5298.32 4753.87 3610.95 13413
8670.92 5908.08 2697.53 5100.56 31939
4932.71 7394.63 7401.04 3559.68 21249
5703.3 4285.71 8388.93 2792.44 18510
6113.16 6364.64 4220.4 3118.99 29939
6541.64 8902.25 6043.28 1633.05 32034
8099.92 5894.96 3283.79 5586.72 32423
6047.85 1872.62 5422.22 5348.37 25895
8326.67 2992.34 3447.07 1358.38 22619
4615.62 4407.79 5273.9 1905.27 30975
5327.62 8554.64 3635.98 5466.48 31666
2263.25 5677.97 4837.49 5043.49 28484
3600.57 3885.62 7270.12 5447.55 25472
3246.25 6157.11 2903.84 2977.69 21475
4412.06 5111.85 3194.68 7105.32 32039
1054.72 5719.47 3624.99 2468.03 27817
7183.45 2627.95 6021 8904.08 30623
4305.86 3128.15 7330.85 6302.68 29107
4222.54 6857.2 3100.99 5945.62 18437
3773.61 1817.07 6979.58 9235.21 24181
3813.9 1005.58 3383.59 7413.25 25458
6570.94 3950.32 5275.73 1451.16 19147
7475.51 2764.98 3946.96 5982.85 25990
6014.28 1932.74 3698.54 5144.51 31638
3358.26 4676.96 3197.42 7271.03 32601
4121.52 4254.28 4006.16 5799.74 25475
5166.17 4416.33 6791.89 3148.9 23068
4088.26 4063.54 7536.24 5082.55 29728
4977.57 4991.91 6265.14 7436.75 23357
4766.69 5399.64 5301.98 5792.41 6320
3025.91 6146.73 5826.9 2898.34 28293
1927.55 2533.04 3017.37 5399.03 31257
7655.57 2330.7 6537.68 4527.73 25571
4828.33 3761.71 5023.96 852.382 26576
4589.37 4401.07 1516.77 6605.43 28728
3446.15 4801.48 6910 3131.2 28244
2720.11 6291.39 7473.07 7437.36 14528
3431.81 6251.72 2852.57 5871.15 30620
6458.33 9396.04 4435.56 5017.55 30760
4741.36 7384.87 5758.54 8771.63 30123
1850.64 2400.28 4257.03 4903.1 29876
4540.24 4570.15 7727.29 2477.49 28449
5024.87 8654.74 2559.28 5619.98 31615
3216.04 6944.79 3634.75 5948.97 28907
2997.22 6238.9 4843.29 5034.64 27761
2669.76 5850.7 4734.95 335.704 30050
5459.15 9860.84 4456.62 9255.65 26663
4604.63 7761.16 3002.72 7104.71 27650
4743.49 7397.08 4023.56 3992.43 28561
8601.95 2864.16 2019.71 5243.39 29317
6481.83 3275.25 6143.99 4268.62 17248
5282.45 2746.67 5927.3 2865.08 26277
1750.24 4768.21 3933.23 6601.46 28347
2526.63 4522.23 2366.71 6378.06 31441
4537.8 2934.05 6695.46 5999.33 29541
991.546 5060.88 6744.59 8883.33 30512
2780.24 5711.23 3487.96 7338.18 28111
4704.73 1467.64 7892.39 5309 24560
4857.94 5101.17 6774.8 3133.34 29992
3340.86 6264.53 4283.27 107.73 23735
1953.18 2410.66 5622.73 4571.37 32617
3274.33 6911.53 5858.03 5258.95 19297
6353.34 4008 2004.15 5207.37 28846
5503.1 3858.15 4939.73 5789.06 27381
6220.59 1569.26 6917.63 5416.12 16757
4719.38 6848.35 5972.47 1925.11 31176
4549.09 9070.1 3189.49 1588.18 25256
6581.62 9211.4 4429.15 1734.37 29824
2842.8 6572.77 6418.35 6017.33 26504
6164.74 3598.13 7405.93 7751.7 20086
6100.96 5240.64 5181.43 149.236 17251
6374.1 5440.23 5270.24 1583.61 31344
4810.94 5171.06 6507.16 4932.1 27229
5365.76 4775.23 4692.53 1962.95 31803
5358.75 5173.5 4530.17 7863.4 17141
4266.79 2295.6 3448.59 4776.15 32526
5527.51 9882.2 6608.48 2465.29 18257
1207.01 5098.73 2949 6208.08 15874
1844.23 2280.65 4575.03 5450.91 28961
9439.37 4840.24 4388.26 2959.07 23588
5300.45 7380.29 3262.73 6255.07 30604
4686.42 7725.15 6251.11 6629.84 19592
3977.78 5993.53 5673.7 7708.67 28206
1568.04 4136.78 8410.9 3276.16 31897
3838.92 5331.28 3036.59 3073.82 30792
6261.79 3687.25 4762.41 1517.08 20346
3291.73 4789.88 1520.74 6106.14 25101
5783.26 8499.1 4218.27 4421.22 32273
8378.55 8929.11 4666.89 8697.16 25026
3173.62 5742.06 5475.94 7994.32 26756
3702.2 3136.69 6882.53 6406.75 32189
8260.14 6344.19 7961.36 2039.55 27530
2517.47 6434.22 5251.32 4046.75 19900
9440.9 4812.77 7318.64 2288.28 32290
4510.33 712.912 6604.82 2533.65 24974
